67162.84375
23866.6015625
23236.927734375
23858.919921875
66906.7734375
23330.423828125
23591.87109375
24893.8828125
24900.78125
23193.353515625
23486.369140625
67530.5234375
66632.0078125
67066.8828125
24173.337890625
23284.158203125
23978.037109375
66757.640625
22779.076171875
23194.140625
67178.9296875
24256.919921875
23595.755859375
24586.32421875
24103.970703125
23081.82421875
23754.427734375
22914.77734375
24638.064453125
66739.8125
23622.572265625
24831.853515625
23769.810546875
23474.583984375
24597.654296875
23152.349609375
23300.36328125
23314.287109375
22451.380859375
24167.5078125
66890.6875
23949.375
23669.900390625
23837.6171875
66811.484375
66969.28125
67316.109375
24164.447265625
24679.0
23642.484375
23394.595703125
23585.775390625
23932.44921875
23300.232421875
23805.5390625
66626.5703125
24036.513671875
67215.5625
23438.90625
66970.15625
24477.09375
23253.259765625
24058.052734375
24641.869140625
24396.005859375
67240.75
67312.8125
24510.787109375
66983.3359375
24624.732421875
23926.681640625
23475.6640625
24088.75
23849.3046875
67426.6015625
23445.390625
23286.314453125
66832.09375
23923.697265625
23887.95703125
23593.8671875
23219.439453125
23949.666015625
23886.607421875
23557.697265625
23477.3203125
23652.32421875
23611.345703125
24494.748046875
67058.8671875
67239.1875
23172.66015625
23812.3515625
23732.681640625
23364.7890625
24855.037109375
23692.30078125
23616.1953125
24015.57421875
24593.810546875
22440.759765625
