13903.830078125
16674.0546875
86757.7890625
14656.486328125
86940.4921875
15024.8369140625
15573.40625
13876.8974609375
86302.59375
86904.453125
14970.240234375
15600.13671875
14790.953125
12802.81640625
86931.984375
14888.1845703125
13794.8583984375
86752.203125
16535.91796875
86273.4140625
14940.4169921875
86552.2578125
86706.5078125
14066.90625
87145.546875
14126.400390625
87349.109375
86718.0546875
14016.0712890625
14415.69140625
86935.15625
86622.5625
15449.1103515625
14615.4931640625
87053.9296875
86528.265625
15578.79296875
14277.61328125
15593.8603515625
86312.015625
87196.984375
15947.296875
15001.5400390625
15555.8115234375
13621.0615234375
15444.4296875
15379.5146484375
15824.625
86723.625
87042.0234375
15641.9052734375
13529.1376953125
13474.5654296875
13158.4140625
86895.4140625
14372.95703125
86895.4765625
14215.46484375
14959.9482421875
15275.6787109375
86900.796875
14038.6484375
86821.453125
13990.0869140625
14925.26953125
15107.013671875
15144.556640625
86458.0078125
14712.01171875
15109.3330078125
16725.9296875
86931.8828125
87013.8125
87127.890625
86440.2265625
14851.6435546875
87435.28125
13913.8603515625
16715.888671875
86849.5859375
86485.2421875
87515.9296875
86345.8515625
13733.9296875
14181.275390625
86632.2109375
17115.642578125
17329.189453125
14938.2236328125
14203.384765625
15551.61328125
14182.751953125
15229.9501953125
15591.158203125
14076.5546875
86792.7890625
14372.1953125
87109.609375
14331.73046875
15252.13671875
15451.5654296875
86704.4921875
17449.751953125
86740.3203125
15269.353515625
15537.08984375
13738.7939453125
86557.6015625
16418.740234375
14859.2666015625
15196.1669921875
86979.453125
86795.046875
13942.4443359375
14566.462890625
87414.140625
13837.2431640625
14765.8330078125
14530.8798828125
15368.13671875
14502.7333984375
15298.06640625
87109.5546875
14067.95703125
16773.267578125
15057.078125
15565.0712890625
14602.6064453125
14153.5869140625
17238.20703125
87490.25
15849.6416015625
87607.6953125
87071.453125
14288.591796875
14286.58984375
14878.35546875
86793.46875
86846.25
87864.4921875
86663.609375
13797.7646484375
87282.15625
86952.171875
14526.1884765625
16711.94921875
86643.5
86883.9140625
86559.546875
87591.4140625
15334.7900390625
86366.15625
14470.09375
15200.5517578125
87127.140625
13104.9736328125
86945.7890625
13715.5654296875
15471.10546875
87035.4453125
14554.1630859375
15828.9150390625
15606.56640625
13251.80078125
15240.623046875
15172.1318359375
87418.2265625
87242.7578125
15254.236328125
13861.3408203125
14423.4345703125
87233.359375
14236.5380859375
14512.20703125
87262.421875
15001.1845703125
15308.1904296875
15212.2568359375
87050.8203125
14209.96484375
86782.234375
86694.1875
14936.490234375
14679.29296875
13640.8115234375
13930.240234375
17506.294921875
13644.775390625
16162.93359375
15192.046875
87264.0703125
86708.5390625
86957.921875
14835.65625
15158.4931640625
87161.53125
13545.572265625
86741.3046875
15489.103515625
15310.9580078125
15160.5400390625
15005.080078125
16574.529296875
86618.1875
15416.2216796875
14186.2080078125
17272.048828125
13297.5576171875
14776.15625
18792.015625
14021.330078125
16032.9697265625
13574.7470703125
87231.09375
14935.150390625
15874.8369140625
16761.052734375
87205.796875
86065.28125
16212.6435546875
86636.8203125
86732.375
15382.375
86746.5
13508.1484375
15756.9765625
86273.3828125
87092.1484375
14515.11328125
15313.90625
13881.9736328125
17554.6015625
15522.8271484375
16104.884765625
13348.9892578125
86461.3515625
15794.9697265625
86844.15625
87614.84375
17026.556640625
87175.0234375
14655.1162109375
14804.71484375
14634.04296875
16223.5
86316.7265625
15538.2470703125
14343.48046875
86605.15625
87088.34375
15373.2099609375
14764.3701171875
14615.625
15081.3232421875
14793.361328125
15226.453125
13697.8798828125
14451.0302734375
87300.0703125
12879.0810546875
15025.712890625
86531.890625
13877.078125
13535.53515625
15593.1962890625
15876.4619140625
86572.4609375
86561.703125
15147.71875
14980.84375
14221.8935546875
15887.2529296875
13557.849609375
87310.0078125
15419.4462890625
15495.1982421875
13806.4775390625
15126.0498046875
86416.4375
14504.705078125
14657.6103515625
86925.8359375
86811.8515625
14056.2080078125
87054.2890625
15733.0732421875
86920.1171875
13674.33203125
86741.4296875
14703.7802734375
86797.6640625
86308.7578125
15351.046875
14952.9970703125
86736.078125
86830.375
13771.1220703125
16443.533203125
87183.1953125
86780.28125
13982.8603515625
85584.1484375
86456.5234375
16070.8603515625
86838.0
87395.8515625
15407.0966796875
14628.5732421875
87070.9609375
14202.2333984375
15140.1787109375
13318.970703125
14552.2197265625
87467.6328125
87052.3984375
86939.75
86999.3984375
15767.5087890625
86690.4296875
16694.583984375
15568.8232421875
16405.69921875
16494.896484375
15483.04296875
87085.734375
86915.0390625
15765.8701171875
13261.8974609375
14584.8466796875
86450.4296875
16002.1337890625
13309.4716796875
14673.625
86368.9453125
87069.2890625
86396.28125
87024.3984375
15025.5087890625
87398.0
86788.6171875
87259.5234375
87470.75
87004.3828125
86978.765625
15447.59375
13684.3955078125
14450.013671875
14262.90625
15065.2919921875
15504.28515625
86514.1796875
15565.1845703125
87151.0078125
87155.71875
87168.59375
14392.0302734375
87532.046875
14179.2548828125
86427.3828125
13420.5166015625
87129.4296875
16581.650390625
14864.4365234375
14648.6396484375
87177.7421875
14126.5732421875
86582.9453125
87537.515625
87287.6953125
15600.76953125
15020.90625
86485.8203125
14884.0830078125
14084.7763671875
15184.3095703125
86813.1171875
14468.8046875
14810.06640625
13969.13671875
16063.5166015625
15272.962890625
13086.7734375
13118.76953125
15078.2880859375
13732.4716796875
15606.18359375
14364.091796875
86510.75
87256.0546875
86855.1484375
87499.515625
13837.955078125
85930.703125
86909.8671875
86929.5703125
14352.3779296875
14830.830078125
86747.7734375
87403.703125
14498.4931640625
15293.0634765625
87025.5234375
14851.75
14392.2646484375
86615.28125
86772.8984375
86786.8671875
16835.6796875
13326.103515625
87299.90625
13088.400390625
14204.1162109375
15896.86328125
87041.390625
14621.15625
15762.212890625
86698.078125
17290.13671875
16329.009765625
86962.5078125
16296.5498046875
16455.947265625
86667.6796875
13825.974609375
86429.8515625
14538.7919921875
16174.900390625
13881.669921875
14399.5849609375
86452.8125
15763.1953125
14454.63671875
13677.65625
13998.7998046875
15150.3369140625
14358.5185546875
86800.40625
15394.51953125
86786.46875
14530.20703125
15258.8369140625
15017.748046875
16573.396484375
16471.083984375
13518.974609375
13792.76171875
14698.1767578125
87189.9765625
14609.6767578125
86258.3671875
13839.486328125
86807.8125
86793.8515625
87414.375
86415.015625
86740.6171875
86744.6875
17721.537109375
14868.56640625
16272.35546875
14795.525390625
14261.58203125
15436.330078125
86127.78125
14592.2666015625
86712.453125
86549.4140625
86502.0390625
86981.3359375
15298.712890625
14937.263671875
14794.2197265625
13148.185546875
86626.9453125
14580.0703125
15564.943359375
13527.712890625
15017.06640625
15232.126953125
13345.4345703125
13912.3232421875
15060.490234375
86955.8828125
13963.0146484375
16976.986328125
15278.001953125
86668.5
15418.4365234375
86686.3515625
87129.4375
14952.0166015625
14848.712890625
16952.953125
87205.5234375
86773.5234375
13219.9072265625
16123.0234375
16882.80859375
15912.896484375
16024.3515625
87021.84375
14452.1337890625
86712.4765625
16272.259765625
15473.466796875
86676.3671875
15827.2998046875
13979.6982421875
14841.0263671875
15974.013671875
87395.3984375
16033.3486328125
14766.93359375
15021.79296875
15308.4345703125
15777.3095703125
14870.60546875
17011.701171875
14452.3818359375
15508.193359375
86758.640625
87186.640625
14285.841796875
15590.7119140625
13566.9130859375
13998.5087890625
15394.884765625
15060.5087890625
14081.6650390625
85856.53125
86595.90625
13362.783203125
87048.53125
87002.1171875
87097.5078125
14210.2900390625
15869.431640625
14025.263671875
13705.5712890625
86971.71875
86753.8984375
14090.6904296875
86989.7578125
16291.193359375
86854.4453125
14599.7646484375
14244.2236328125
15820.4501953125
14427.5
13690.9501953125
15965.18359375
15331.9052734375
86721.2109375
86493.4296875
14587.2734375
13828.3037109375
86151.84375
14671.3095703125
15221.5869140625
14741.9619140625
15024.2451171875
15865.7119140625
14663.0869140625
16495.296875
15157.2734375
87221.328125
86432.9453125
87430.296875
15163.275390625
86974.203125
16522.390625
14363.646484375
15142.5869140625
13607.3876953125
86612.5625
86995.0546875
87104.5625
86802.3828125
87042.546875
87099.65625
13415.6552734375
14231.06640625
15060.2568359375
16431.869140625
17788.75390625
14339.36328125
15354.248046875
14392.6533203125
14795.6669921875
13751.4697265625
86472.1484375
19804.529296875
86900.2890625
87207.75
16118.8662109375
87264.2578125
14336.3701171875
86945.0
14552.0
15250.75
15943.25
15583.306640625
14354.8818359375
15038.2099609375
14129.275390625
15957.7587890625
15030.966796875
86285.6015625
15036.0146484375
15719.78125
85503.8671875
14185.2734375
13824.3486328125
14313.5830078125
14273.5595703125
14948.9404296875
86651.453125
13009.2861328125
14410.4716796875
14013.0830078125
86679.2421875
14690.7333984375
86860.8125
14607.8447265625
86865.3984375
87350.9765625
14875.876953125
86768.4453125
86704.7734375
15415.3095703125
15567.29296875
86713.015625
86470.84375
16112.66015625
86202.3828125
13580.703125
87090.109375
14185.8447265625
14475.123046875
87123.3203125
13707.3173828125
16616.54296875
87332.7890625
86565.15625
15308.126953125
16137.212890625
14145.36328125
14607.1396484375
86310.359375
86482.3359375
15836.7529296875
16801.1953125
15199.9814453125
14306.46484375
87413.6171875
14809.5537109375
86224.828125
15280.8349609375
14739.6748046875
86424.34375
86775.078125
14150.853515625
16211.5029296875
17400.5078125
15935.498046875
13650.39453125
14982.087890625
15212.5419921875
87075.0859375
86838.359375
15558.3896484375
15579.0947265625
14746.76953125
14754.4736328125
87045.9609375
86100.6484375
17181.71484375
15630.8232421875
15244.4951171875
86738.1328125
86741.0
13643.064453125
16366.6767578125
14272.900390625
86893.1328125
16527.06640625
15341.580078125
86748.8828125
86968.0078125
15290.3095703125
14803.6865234375
86296.9765625
13376.693359375
86974.4296875
14626.5302734375
86579.1171875
86778.828125
14605.3232421875
86097.953125
16679.517578125
87482.9921875
13967.1650390625
14946.783203125
86793.9921875
14731.79296875
86975.2265625
86037.3046875
14729.08203125
87130.8671875
13632.96875
87391.8515625
87100.3828125
86892.7421875
87099.4921875
15200.5830078125
86760.953125
87488.6953125
86982.8125
14276.8017578125
16292.5595703125
13735.6220703125
17383.05078125
86618.7890625
13934.03125
14496.1533203125
86756.6953125
17006.45703125
86672.3984375
13386.3154296875
87157.8515625
13441.2978515625
14671.919921875
86957.2265625
14269.7265625
14670.10546875
14284.4765625
14826.91015625
86562.71875
86904.46875
16747.578125
86528.828125
15011.4931640625
14905.34375
86256.8828125
16043.7529296875
15012.16015625
15108.53125
86864.796875
15160.2080078125
14251.39453125
15532.9619140625
14977.0419921875
14888.626953125
86643.5703125
14658.6103515625
15450.8818359375
14528.1533203125
87065.6953125
16054.318359375
15390.98046875
15619.837890625
15423.5830078125
14929.3349609375
86722.84375
14205.830078125
86343.7734375
87433.7734375
86806.296875
15989.9501953125
87217.8671875
86866.890625
13970.4970703125
14520.65625
14417.1484375
14358.056640625
86570.6484375
14794.8701171875
87185.6796875
16812.333984375
14821.5234375
15619.9765625
17711.08984375
15465.376953125
87332.171875
13956.4013671875
13558.7744140625
13599.6181640625
13652.8408203125
16175.2568359375
14270.9248046875
86644.6796875
86310.53125
15258.626953125
15165.9833984375
14273.0400390625
14913.998046875
86696.859375
86460.5
87147.625
13608.69140625
14433.3603515625
13689.3310546875
15107.716796875
87140.71875
86642.0390625
15985.4267578125
15692.6630859375
86313.9765625
17305.369140625
87221.0234375
87350.140625
14377.8486328125
13350.056640625
15244.0068359375
15910.83203125
87284.109375
87257.875
14952.716796875
15129.1748046875
15396.498046875
86537.5234375
87332.3203125
87014.5390625
86771.8828125
15189.0595703125
86204.1796875
15143.7978515625
18805.2734375
13690.490234375
14382.53515625
15711.0400390625
87228.21875
86774.5234375
15486.8203125
13734.1318359375
86962.3125
86358.125
14701.0869140625
14601.830078125
86396.9921875
87305.484375
15303.0771484375
16756.736328125
14384.763671875
15508.2763671875
86824.3046875
14273.603515625
15618.91015625
87128.8671875
13628.55859375
14477.3798828125
14881.83984375
14690.5517578125
14045.13671875
14467.9619140625
15865.7431640625
14379.15625
16314.6396484375
87869.7578125
13278.8212890625
87687.703125
86994.5859375
87110.9453125
16177.4853515625
87293.359375
13643.1953125
87414.6171875
87501.8828125
14195.01953125
15576.0712890625
14355.7080078125
19531.9765625
86786.7890625
14861.4228515625
13734.462890625
86782.890625
87306.7109375
86621.7578125
14862.384765625
87145.125
14852.08203125
15057.1064453125
13426.126953125
87130.46875
87064.890625
15820.5986328125
86701.5234375
86362.3359375
14490.03125
14580.61328125
15189.9228515625
14545.64453125
14423.9462890625
13134.1337890625
87099.3203125
86421.34375
15585.51953125
14687.71875
14834.0517578125
15044.6865234375
15639.7333984375
15523.25
86689.1015625
14008.5654296875
17456.97265625
15160.8203125
86143.421875
16442.107421875
15397.3896484375
86759.359375
14886.3369140625
16668.42578125
86125.84375
14135.46875
86333.8125
15314.6416015625
16741.212890625
15050.962890625
87127.4609375
86441.75
87374.6328125
14663.4296875
87240.3828125
86485.6171875
14419.2333984375
87451.6015625
14123.0234375
86909.9296875
14334.703125
86289.90625
87165.8046875
87113.9765625
14644.0595703125
13584.8037109375
86726.1953125
14556.0146484375
87805.15625
14469.4130859375
86576.5234375
15085.0634765625
14421.1552734375
14123.521484375
86368.6328125
87486.9296875
86512.359375
86657.8125
15058.29296875
87211.6171875
86327.0390625
15014.5771484375
13747.2412109375
15708.2734375
15719.2802734375
86862.0078125
86763.703125
15490.6982421875
16064.162109375
14399.7099609375
14105.9033203125
14888.9521484375
14876.6533203125
15338.361328125
17898.349609375
13633.8271484375
16393.392578125
86947.8828125
86988.640625
13857.91796875
86527.109375
15652.86328125
14175.6865234375
14149.3466796875
17240.818359375
14777.68359375
14563.3466796875
86945.6953125
86280.125
14002.263671875
13791.2568359375
87145.4609375
15114.6904296875
14590.0830078125
14752.4697265625
15898.6728515625
14839.8935546875
13618.4208984375
12815.67578125
