20897.9375
21432.83984375
21313.25390625
21169.08984375
69707.984375
21023.3515625
69573.0859375
69254.546875
21237.53515625
21151.669921875
21572.443359375
21169.767578125
69617.96875
21332.232421875
21537.306640625
21185.396484375
21232.669921875
21480.630859375
21815.400390625
21347.56640625
21177.091796875
20981.4765625
21456.322265625
21728.92578125
21152.603515625
21401.595703125
69590.9765625
21206.515625
21247.197265625
21472.212890625
21167.341796875
21657.267578125
69628.8671875
21295.21484375
21398.8984375
21157.48828125
21492.9140625
21073.623046875
21379.720703125
21269.546875
21030.52734375
21173.55078125
21238.2109375
21257.123046875
69648.40625
21501.3671875
69774.046875
21618.505859375
21341.18359375
21413.939453125
21432.283203125
21359.267578125
21480.416015625
21447.716796875
21346.919921875
21497.55078125
21333.791015625
21429.826171875
21742.353515625
21322.412109375
21389.35546875
69431.0078125
69451.4140625
21242.060546875
21161.412109375
21278.376953125
21301.2890625
21218.283203125
21460.326171875
69885.4921875
20848.72265625
21374.8125
21377.94921875
21177.970703125
21473.5390625
21529.32421875
21482.078125
21324.1875
21261.630859375
69670.90625
69580.0859375
20851.17578125
21011.54296875
21275.986328125
21613.517578125
21585.25390625
21183.001953125
21270.755859375
21800.43359375
69895.265625
69644.6171875
21184.4765625
69615.1875
21465.755859375
21027.884765625
21101.421875
21198.396484375
21009.41796875
21126.0625
21780.76953125
21599.6875
21685.18359375
21042.0859375
21656.259765625
21106.23046875
21149.333984375
21183.845703125
69644.7578125
21471.51171875
21644.50390625
21572.720703125
21193.470703125
21484.580078125
21582.08203125
69630.15625
21164.9453125
21356.880859375
21161.95703125
20942.642578125
