5746.78271484375
44799.62890625
44950.69921875
7075.1240234375
6295.84521484375
45020.42578125
5743.04541015625
6044.10302734375
6319.76904296875
5573.3564453125
44920.87890625
6592.67041015625
7287.9375
5918.5771484375
6696.5
5729.84326171875
44983.0
44973.60546875
6051.2373046875
44653.01171875
6836.5517578125
6728.96728515625
8111.23486328125
5793.703125
6014.28857421875
5655.544921875
6168.6142578125
6215.3154296875
6295.232421875
6224.669921875
7325.96826171875
44971.9921875
5931.6865234375
45008.49609375
5723.27978515625
5766.7890625
6322.0390625
5877.15087890625
45250.66015625
5792.30908203125
6402.716796875
6561.3525390625
6533.91845703125
6566.791015625
44754.59375
5989.6181640625
6774.23388671875
7098.10498046875
5958.41845703125
6024.591796875
5878.4951171875
7419.62841796875
45007.51171875
6871.52685546875
45024.60546875
6450.5224609375
5823.08349609375
6692.87939453125
5796.52001953125
44881.70703125
44899.09375
5754.15087890625
45035.9453125
5933.11376953125
6354.328125
7975.57421875
6569.5810546875
45176.734375
5917.59814453125
44925.94140625
44957.06640625
6539.05859375
6059.25732421875
44836.984375
6764.51904296875
6469.77734375
44715.359375
6002.185546875
6108.5126953125
6169.263671875
5874.12353515625
45068.78515625
5649.466796875
6312.43896484375
44891.49609375
6791.8798828125
44988.890625
5489.9248046875
6218.091796875
6085.79736328125
44896.21484375
6108.728515625
45096.296875
44933.69140625
6193.193359375
45024.28125
5866.2373046875
6354.46142578125
45227.3984375
45053.640625
5988.10498046875
44857.1640625
6284.01025390625
7133.86328125
44826.60546875
6167.23681640625
45124.36328125
6408.923828125
6085.4765625
6499.11767578125
45054.19140625
44944.171875
5915.6708984375
8279.787109375
6286.82421875
7228.990234375
7882.4599609375
6494.59521484375
44844.5
6451.38232421875
5933.14990234375
6719.00244140625
5906.45263671875
6013.59814453125
45047.48828125
6419.84619140625
44933.7890625
5955.25146484375
44892.5078125
7114.6689453125
44957.21875
6469.041015625
5881.8701171875
6090.892578125
6202.59521484375
6535.30810546875
44895.44140625
5983.07177734375
6529.1416015625
6208.13720703125
45000.84375
5838.52685546875
5911.9560546875
6937.3115234375
5261.02685546875
6293.79345703125
6062.041015625
6499.7451171875
6625.40771484375
5677.634765625
5484.6767578125
45013.8984375
6908.19091796875
45128.3125
7218.18994140625
6983.47412109375
7014.2099609375
6194.59228515625
44807.34375
44946.21875
44975.125
44630.78515625
45008.8515625
5666.17724609375
45211.0625
45039.66796875
6269.41845703125
6297.97412109375
45014.65234375
45046.0390625
7255.044921875
7170.529296875
44764.95703125
6787.56689453125
44943.69140625
5966.9384765625
6271.490234375
44890.625
6126.50048828125
5996.50146484375
44936.16796875
44985.3984375
5986.3125
5824.06103515625
6236.171875
7842.75341796875
6692.46435546875
5820.28125
44758.26171875
44814.5625
44996.58984375
6614.822265625
44774.1328125
6228.60400390625
5852.9970703125
5947.69970703125
5758.87841796875
6067.03271484375
44790.69921875
6897.609375
6117.93310546875
44937.921875
5461.43994140625
